-131072
-130810
-130548
-130285
-130023
-129760
-129498
-129236
-128973
-128711
-128448
-128186
-127924
-127661
-127399
-127136
-126874
-126612
-126349
-126087
-125824
-125562
-125300
-125037
-124775
-124512
-124250
-123988
-123725
-123463
-123200
-122938
-122676
-122413
-122151
-121888
-121626
-121363
-121101
-120839
-120576
-120314
-120051
-119789
-119527
-119264
-119002
-118739
-118477
-118215
-117952
-117690
-117427
-117165
-116903
-116640
-116378
-116115
-115853
-115591
-115328
-115066
-114803
-114541
-114279
-114016
-113754
-113491
-113229
-112967
-112704
-112442
-112179
-111917
-111654
-111392
-111130
-110867
-110605
-110342
-110080
-109818
-109555
-109293
-109030
-108768
-108506
-108243
-107981
-107718
-107456
-107194
-106931
-106669
-106406
-106144
-105882
-105619
-105357
-105094
-104832
-104570
-104307
-104045
-103782
-103520
-103258
-102995
-102733
-102470
-102208
-101945
-101683
-101421
-101158
-100896
-100633
-100371
-100109
-99846
-99584
-99321
-99059
-98797
-98534
-98272
-98009
-97747
-97485
-97222
-96960
-96697
-96435
-96173
-95910
-95648
-95385
-95123
-94861
-94598
-94336
-94073
-93811
-93549
-93286
-93024
-92761
-92499
-92236
-91974
-91712
-91449
-91187
-90924
-90662
-90400
-90137
-89875
-89612
-89350
-89088
-88825
-88563
-88300
-88038
-87776
-87513
-87251
-86988
-86726
-86464
-86201
-85939
-85676
-85414
-85152
-84889
-84627
-84364
-84102
-83840
-83577
-83315
-83052
-82790
-82527
-82265
-82003
-81740
-81478
-81215
-80953
-80691
-80428
-80166
-79903
-79641
-79379
-79116
-78854
-78591
-78329
-78067
-77804
-77542
-77279
-77017
-76755
-76492
-76230
-75967
-75705
-75443
-75180
-74918
-74655
-74393
-74131
-73868
-73606
-73343
-73081
-72818
-72556
-72294
-72031
-71769
-71506
-71244
-70982
-70719
-70457
-70194
-69932
-69670
-69407
-69145
-68882
-68620
-68358
-68095
-67833
-67570
-67308
-67046
-66783
-66521
-66258
-65996
-65734
-65471
-65209
-64946
-64684
-64422
-64159
-63897
-63634
-63372
-63109
-62847
-62585
-62322
-62060
-61797
-61535
-61273
-61010
-60748
-60485
-60223
-59961
-59698
-59436
-59173
-58911
-58649
-58386
-58124
-57861
-57599
-57337
-57074
-56812
-56549
-56287
-56025
-55762
-55500
-55237
-54975
-54713
-54450
-54188
-53925
-53663
-53400
-53138
-52876
-52613
-52351
-52088
-51826
-51564
-51301
-51039
-50776
-50514
-50252
-49989
-49727
-49464
-49202
-48940
-48677
-48415
-48152
-47890
-47628
-47365
-47103
-46840
-46578
-46316
-46053
-45791
-45528
-45266
-45004
-44741
-44479
-44216
-43954
-43691
-43429
-43167
-42904
-42642
-42379
-42117
-41855
-41592
-41330
-41067
-40805
-40543
-40280
-40018
-39755
-39493
-39231
-38968
-38706
-38443
-38181
-37919
-37656
-37394
-37131
-36869
-36607
-36344
-36082
-35819
-35557
-35295
-35032
-34770
-34507
-34245
-33982
-33720
-33458
-33195
-32933
-32670
-32408
-32146
-31883
-31621
-31358
-31096
-30834
-30571
-30309
-30046
-29784
-29522
-29259
-28997
-28734
-28472
-28210
-27947
-27685
-27422
-27160
-26898
-26635
-26373
-26110
-25848
-25586
-25323
-25061
-24798
-24536
-24273
-24011
-23749
-23486
-23224
-22961
-22699
-22437
-22174
-21912
-21649
-21387
-21125
-20862
-20600
-20337
-20075
-19813
-19550
-19288
-19025
-18763
-18501
-18238
-17976
-17713
-17451
-17189
-16926
-16664
-16401
-16139
-15877
-15614
-15352
-15089
-14827
-14564
-14302
-14040
-13777
-13515
-13252
-12990
-12728
-12465
-12203
-11940
-11678
-11416
-11153
-10891
-10628
-10366
-10104
-9841
-9579
-9316
-9054
-8792
-8529
-8267
-8004
-7742
-7480
-7217
-6955
-6692
-6430
-6168
-5905
-5643
-5380
-5118
-4855
-4593
-4331
-4068
-3806
-3543
-3281
-3019
-2756
-2494
-2231
-1969
-1707
-1444
-1182
-919
-657
-395
-132
130
393
655
917
1180
1442
1705
1967
2229
2492
2754
3017
3279
3541
3804
4066
4329
4591
4854
5116
5378
5641
5903
6166
6428
6690
6953
7215
7478
7740
8002
8265
8527
8790
9052
9314
9577
9839
10102
10364
10626
10889
11151
11414
11676
11938
12201
12463
12726
12988
13250
13513
13775
14038
14300
14563
14825
15087
15350
15612
15875
16137
16399
16662
16924
17187
17449
17711
17974
18236
18499
18761
19023
19286
19548
19811
20073
20335
20598
20860
21123
21385
21647
21910
22172
22435
22697
22959
23222
23484
23747
24009
24272
24534
24796
25059
25321
25584
25846
26108
26371
26633
26896
27158
27420
27683
27945
28208
28470
28732
28995
29257
29520
29782
30044
30307
30569
30832
31094
31356
31619
31881
32144
32406
32668
32931
33193
33456
33718
33981
34243
34505
34768
35030
35293
35555
35817
36080
36342
36605
36867
37129
37392
37654
37917
38179
38441
38704
38966
39229
39491
39753
40016
40278
40541
40803
41065
41328
41590
41853
42115
42377
42640
42902
43165
43427
43690
43952
44214
44477
44739
45002
45264
45526
45789
46051
46314
46576
46838
47101
47363
47626
47888
48150
48413
48675
48938
49200
49462
49725
49987
50250
50512
50774
51037
51299
51562
51824
52086
52349
52611
52874
53136
53399
53661
53923
54186
54448
54711
54973
55235
55498
55760
56023
56285
56547
56810
57072
57335
57597
57859
58122
58384
58647
58909
59171
59434
59696
59959
60221
60483
60746
61008
61271
61533
61795
62058
62320
62583
62845
63108
63370
63632
63895
64157
64420
64682
64944
65207
65469
65732
65994
66256
66519
66781
67044
67306
67568
67831
68093
68356
68618
68880
69143
69405
69668
69930
70192
70455
70717
70980
71242
71504
71767
72029
72292
72554
72817
73079
73341
73604
73866
74129
74391
74653
74916
75178
75441
75703
75965
76228
76490
76753
77015
77277
77540
77802
78065
78327
78589
78852
79114
79377
79639
79901
80164
80426
80689
80951
81213
81476
81738
82001
82263
82526
82788
83050
83313
83575
83838
84100
84362
84625
84887
85150
85412
85674
85937
86199
86462
86724
86986
87249
87511
87774
88036
88298
88561
88823
89086
89348
89610
89873
90135
90398
90660
90922
91185
91447
91710
91972
92235
92497
92759
93022
93284
93547
93809
94071
94334
94596
94859
95121
95383
95646
95908
96171
96433
96695
96958
97220
97483
97745
98007
98270
98532
98795
99057
99319
99582
99844
100107
100369
100631
100894
101156
101419
101681
101944
102206
102468
102731
102993
103256
103518
103780
104043
104305
104568
104830
105092
105355
105617
105880
106142
106404
106667
106929
107192
107454
107716
107979
108241
108504
108766
109028
109291
109553
109816
110078
110340
110603
110865
111128
111390
111653
111915
112177
112440
112702
112965
113227
113489
113752
114014
114277
114539
114801
115064
115326
115589
115851
116113
116376
116638
116901
117163
117425
117688
117950
118213
118475
118737
119000
119262
119525
119787
120049
120312
120574
120837
121099
121362
121624
121886
122149
122411
122674
122936
123198
123461
123723
123986
124248
124510
124773
125035
125298
125560
125822
126085
126347
126610
126872
127134
127397
127659
127922
128184
128446
128709
128971
129234
129496
129758
130021
130283
130546
130808
131071
-131072
-131072
-131072
-131072
-131072
-131072
-131072
-131072
-131072
-131072
-131072
-131072
-131072
-131072
-131072
-131072
-131072
-131072
-131072
-131072
-131072
-131072
-131072
-131072
-131072
-131072
-131072
-131072
-131072
-131072
131071
131071
131071
131071
131071
131071
131071
131071
131071
131071
131071
131071
131071
131071
131071
131071
131071
131071
131071
131071
131071
131071
131071
131071
131071
131071
131071
131071
131071
131071
0
0
0
0
0
0
0
0
0
0
0
0
0
0
0
0
0
0
0
0
0
0
0
0
0
0
0
0
0
0
-15199
79122
-45170
-47546
-115734
19674
-125389
-76585
117715
28269
-71446
70503
102713
45001
76873
6886
-80134
55160
-124019
-129253
-84639
21716
-80516
-112198
87919
-63839
95199
-42004
127250
-54081
-107514
98498
110451
-7260
-46433
-40244
99405
32822
59775
-48890
-68674
-115769
94890
-69208
75194
43363
19142
78477
-41064
-122423
-114825
68151
-95013
-103387
8586
-79993
98775
20790
-84025
51877
-4428
75268
112587
-34451
78974
130887
25586
6535
-126294
56304
-40145
76852
-9439
-45589
65016
-13299
94050
-106804
-43902
-92935
-16942
9830
-53749
94715
-44136
-125493
77243
-68483
-115698
-13567
-54296
-112143
-3634
-125061
-92229
1774
-44175
46458
97943
-39674
-79085
-109377
-103700
-100785
-129106
-86709
62182
79621
-117447
42029
-115717
-114240
-91591
-112439
80824
-14301
-41842
116127
51590
35041
-8620
85664
-72749
45699
128566
107190
-122713
55542
58201
60625
99880
-110282
107287
-41219
58507
-7663
71436
84777
123408
109973
-41286
26239
-95176
50612
-20892
-49762
-73085
-74064
76910
-114280
58858
-70832
102837
-102303
-104882
-72860
100970
67996
-76584
-117898
12456
-15399
119823
-75310
-37390
-23016
-128178
87777
78049
-29157
-21675
16347
86393
99712
73826
85394
-128956
-14503
-111843
120692
-29120
-76270
-4297
81037
67371
-106303
-94745
48467
-51784
-122776
-93018
8422
76194
-21043
-112863
14789
-40230
-61362
-105911
-45795
0
0
0
0
0
0
0
0
0
0
0
0
0
0
0
0
0
0
0
0
