  -10850533376
   -4854906880
   -5836898304
   -1528761542
    1242436640
  -12778076232
  -11030086280
    4001004210
  -23324647244
  -19072372837
  -12671960258
  -37966226154
  -26781367745
  -24219549283
  -46987690956
  -26729737223
  -14958151884
  -52354305815
  -34357775450
   -9318930119
  -44383874548
  -46447474973
   -8387767900
  -41235590134
  -46134941966
   -6611677415
  -45791492265
  -32686384201
    -147868786
  -49590228550
  -28868491335
  -14517539086
  -52443547231
  -17738450828
   -8378267923
  -59457088020
  -30624506015
   -7622029590
  -48328467825
  -40798286578
  -21526051029
  -38992796532
  -34841930917
  -22353399847
  -44760775115
  -46346735851
  -10264868832
  -56608437226
  -39774296288
    -339989144
  -43360739058
  -43169458010
    7934093181
  -56809828261
  -59963610160
   22761422265
  -42531987563
  -56878656027
    6459128365
  -41775715497
  -56762102898
    6446637899
  -41688667264
  -56645862144
    6434154982
  -41601979366
  -56529561722
    6421849770
  -41514992337
  -56413032231
    6409562770
  -41428051788
  -56297168443
    6397142925
  -41341194217
  -56180615314
    6384652459
  -41254145984
  -56064374560
    6372169542
  -41167458086
  -55948074138
    6359864330
  -41080471057
  -55831544647
    6347577330
  -40993530508
  -55715680859
    6335157485
  -40906672937
  -55599127730
    6322667019
  -40819624704
  -55482886976
    6310184102
  -40732936806
  -55366586554
    6297878890
  -40645949777
  -55250057063
    6285591890
  -40559009228
  -55134193275
    6273172045
  -40472151657
  -55017640146
    6260681579
  -40385103424
  -54901399392
    6248198662
  -40298415526
  -54785016187
    6235930490
  -40211383965
  -54668640433
    6223560005
  -40124434902
  -54552633178
    6211165540
  -40037549718
  -54436091035
    6198823283
  -39950470081
  -54319852702
    6186301516
  -39863824837
  -54203528586
    6173874761
  -39776821021
  -54087094242
    6161531771
  -39689973628
  -53971052829
    6149173140
  -39603051774
  -53854605122
    6136824423
  -39515913405
  -53738467013
    6124266864
  -39429273868
  -53622069623
    6111998957
  -39342277205
  -53505691125
    6099499716
  -39255398027
  -53389466652
    6087182061
  -39168614478
  -53273039441
    6074945183
  -39081462597
  -53157024241
    6062288067
  -38994707970
  -53040493719
    6049921634
  -38907664834
  -52924252965
    6037438717
  -38820976936
  -52807952543
    6025133505
  -38733989907
  -52691423052
    6012846505
  -38647049358
  -52575559264
    6000426660
  -38560191787
  -52459006135
    5987936194
  -38473143554
  -52342765381
    5975453277
  -38386455656
  -52226464959
    5963148065
  -38299468627
  -52109935468
    5950861065
  -38212528078
  -51994071680
    5938441220
  -38125670507
  -51877518551
    5925950754
  -38038622274
  -51761277797
    5913467837
  -37951934376
  -51644977375
    5901162625
  -37864947347
  -51528447884
    5888875625
  -37778006798
  -51412584096
    5876455780
  -37691149227
  -51296030967
    5863965314
  -37604100994
  -51179790213
    5851482397
  -37517413096
  -51063489791
    5839177185
  -37430426067
  -50946960300
    5826890185
  -37343485518
  -50831096512
    5814470340
  -37256627947
  -50714543383
    5801979874
  -37169579714
  -50598302629
    5789496957
  -37082891816
  -50481919424
    5777228785
  -36995860255
  -50365543670
    5764858300
  -36908911192
  -50249536415
    5752463835
  -36822026008
  -50132994272
    5740121578
  -36734946371
  -50016755939
    5727599811
  -36648301127
  -49900431823
    5715173056
  -36561297311
  -49783997479
    5702830066
  -36474449918
  -49667956066
    5690471435
  -36387528064
  -49551508359
    5678122718
  -36300389695
  -49435370250
    5665565159
  -36213750158
  -49318972860
    5653297252
  -36126753495
  -49202594362
    5640798011
  -36039874317
  -49086369889
    5628480356
  -35953090768
  -48969942678
    5616243478
  -35865938887
  -48853927478
    5603586362
  -35779184260
  -48737396956
    5591219929
  -35692141124
  -48621156202
    5578737012
  -35605453226
  -48504855780
    5566431800
  -35518466197
  -48388326289
    5554144800
  -35431525648
  -48272462501
    5541724955
  -35344668077
  -48155909372
    5529234489
  -35257619844
  -48039668618
    5516751572
  -35170931946
  -47923368196
    5504446360
  -35083944917
  -47806838705
    5492159360
  -34997004368
  -47690974917
    5479739515
  -34910146797
  -47574421788
    5467249049
  -34823098564
  -47458181034
    5454766132
  -34736410666
  -47341880612
    5442460920
  -34649423637
  -47225351121
    5430173920
  -34562483088
  -47109487333
    5417754075
  -34475625517
  -46992934204
    5405263609
  -34388577284
  -46876693450
    5392780692
  -34301889386
  -46760393028
    5380475480
  -34214902357
  -46643863537
    5368188480
  -34127961808
  -46527999749
    5355768635
  -34041104237
  -46411446620
    5343278169
  -33954056004
  -46295205866
    5330795252
  -33867368106
  -46178822661
    5318527080
  -33780336545
  -46062446907
    5306156595
  -33693387482
  -45946439652
    5293762130
  -33606502298
  -45829897509
    5281419873
  -33519422661
  -45713659176
    5268898106
  -33432777417
  -45597335060
    5256471351
  -33345773601
  -45480900716
    5244128361
  -33258926208
  -45364859303
    5231769730
  -33172004354
  -45248411596
    5219421013
  -33084865985
  -45132273487
    5206863454
  -32998226448
  -45015876097
    5194595547
  -32911229785
  -44899497599
    5182096306
  -32824350607
  -44783273126
    5169778651
  -32737567058
  -44666845915
    5157541773
  -32650415177
  -44550830715
    5144884657
  -32563660550
  -44434300193
    5132518224
  -32476617414
  -44318059439
    5120035307
  -32389929516
  -44201759017
    5107730095
  -32302942487
  -44085229526
    5095443095
  -32216001938
  -43969365738
    5083023250
  -32129144367
  -43852812609
    5070532784
  -32042096134
  -43736571855
    5058049867
  -31955408236
  -43620271433
    5045744655
  -31868421207
  -43503741942
    5033457655
  -31781480658
  -43387878154
    5021037810
  -31694623087
  -43271325025
    5008547344
  -31607574854
  -43155084271
    4996064427
  -31520886956
  -43038783849
    4983759215
  -31433899927
  -42922254358
    4971472215
  -31346959378
  -42806390570
    4959052370
  -31260101807
  -42689837441
    4946561904
  -31173053574
  -42573596687
    4934078987
  -31086365676
  -42457296265
    4921773775
  -30999378647
  -42340766774
    4909486775
  -30912438098
  -42224902986
    4897066930
  -30825580527
  -42108349857
    4884576464
  -30738532294
  -41992109103
    4872093547
  -30651844396
  -41875725898
    4859825375
  -30564812835
  -41759350144
    4847454890
  -30477863772
  -41643342889
    4835060425
  -30390978588
  -41526800746
    4822718168
  -30303898951
  -41410562413
    4810196401
  -30217253707
  -41294238297
    4797769646
  -30130249891
  -41177803953
    4785426656
  -30043402498
  -41061762540
    4773068025
  -29956480644
  -40945314833
    4760719308
  -29869342275
  -40829176724
    4748161749
  -29782702738
  -40712779334
    4735893842
  -29695706075
  -40596400836
    4723394601
  -29608826897
  -40480176363
    4711076946
  -29522043348
  -40363749152
    4698840068
  -29434891467
  -40247733952
    4686182952
  -29348136840
  -40131203430
    4673816519
  -29261093704
  -40014962676
    4661333602
  -29174405806
  -39898662254
    4649028390
  -29087418777
  -39782132763
    4636741390
  -29000478228
  -39666268975
    4624321545
  -28913620657
  -39549715846
    4611831079
  -28826572424
  -39433475092
    4599348162
  -28739884526
  -39317174670
    4587042950
  -28652897497
  -39200645179
    4574755950
  -28565956948
  -39084781391
    4562336105
  -28479099377
  -38968228262
    4549845639
  -28392051144
  -38851987508
    4537362722
  -28305363246
  -38735687086
    4525057510
  -28218376217
  -38619157595
    4512770510
  -28131435668
  -38503293807
    4500350665
  -28044578097
  -38386740678
    4487860199
  -27957529864
  -38270499924
    4475377282
  -27870841966
  -38154199502
    4463072070
  -27783854937
  -38037670011
    4450785070
  -27696914388
  -37921806223
    4438365225
  -27610056817
  -37805253094
    4425874759
  -27523008584
  -37689012340
    4413391842
  -27436320686
  -37572629135
    4401123670
  -27349289125
  -37456253381
    4388753185
  -27262340062
  -37340246126
    4376358720
  -27175454878
  -37223703983
    4364016463
  -27088375241
  -37107465650
    4351494696
  -27001729997
  -36991141534
    4339067941
  -26914726181
  -36874707190
    4326724951
  -26827878788
  -36758665777
    4314366320
  -26740956934
  -36642218070
    4302017603
  -26653818565
  -36526079961
    4289460044
  -26567179028
  -36409682571
    4277192137
  -26480182365
  -36293304073
    4264692896
  -26393303187
  -36177079600
    4252375241
  -26306519638
  -36060652389
    4240138363
  -26219367757
  -35944637189
    4227481247
  -26132613130
  -35828106667
    4215114814
  -26045569994
  -35711865913
    4202631897
  -25958882096
  -35595565491
    4190326685
  -25871895067
  -35479036000
    4178039685
  -25784954518
  -35363172212
    4165619840
  -25698096947
  -35246619083
    4153129374
  -25611048714
  -35130378329
    4140646457
  -25524360816
  -35014077907
    4128341245
  -25437373787
  -34897548416
    4116054245
  -25350433238
  -34781684628
    4103634400
  -25263575667
  -34665131499
    4091143934
  -25176527434
  -34548890745
    4078661017
  -25089839536
  -34432590323
    4066355805
  -25002852507
  -34316060832
    4054068805
  -24915911958
  -34200197044
    4041648960
  -24829054387
  -34083643915
    4029158494
  -24742006154
  -33967403161
    4016675577
  -24655318256
  -33851102739
    4004370365
  -24568331227
  -33734573248
    3992083365
  -24481390678
  -33618709460
    3979663520
  -24394533107
  -33502156331
    3967173054
  -24307484874
  -33385915577
    3954690137
  -24220796976
  -33269532372
    3942421965
  -24133765415
  -33153156618
    3930051480
  -24046816352
  -33037149363
    3917657015
  -23959931168
  -32920607220
    3905314758
  -23872851531
  -32804368887
    3892792991
  -23786206287
  -32688044771
    3880366236
  -23699202471
  -32571610427
    3868023246
  -23612355078
  -32455569014
    3855664615
  -23525433224
  -32339121307
    3843315898
  -23438294855
  -32222983198
    3830758339
  -23351655318
  -32106585808
    3818490432
  -23264658655
  -31990207310
    3805991191
  -23177779477
  -31873982837
    3793673536
  -23090995928
  -31757555626
    3781436658
  -23003844047
  -31641540426
    3768779542
  -22917089420
  -31525009904
    3756413109
  -22830046284
  -31408769150
    3743930192
  -22743358386
  -31292468728
    3731624980
  -22656371357
  -31175939237
    3719337980
  -22569430808
  -31060075449
    3706918135
  -22482573237
  -30943522320
    3694427669
  -22395525004
  -30827281566
    3681944752
  -22308837106
  -30710981144
    3669639540
  -22221850077
  -30594451653
    3657352540
  -22134909528
  -30478587865
    3644932695
  -22048051957
  -30362034736
    3632442229
  -21961003724
  -30245793982
    3619959312
  -21874315826
  -30129493560
    3607654100
  -21787328797
  -30012964069
    3595367100
  -21700388248
  -29897100281
    3582947255
  -21613530677
  -29780547152
    3570456789
  -21526482444
  -29664306398
    3557973872
  -21439794546
  -29548005976
    3545668660
  -21352807517
  -29431476485
    3533381660
  -21265866968
  -29315612697
    3520961815
  -21179009397
  -29199059568
    3508471349
  -21091961164
  -29082818814
    3495988432
  -21005273266
  -28966435609
    3483720260
  -20918241705
  -28850059855
    3471349775
  -20831292642
  -28734052600
    3458955310
  -20744407458
  -28617510457
    3446613053
  -20657327821
  -28501272124
    3434091286
  -20570682577
  -28384948008
    3421664531
  -20483678761
  -28268513664
    3409321541
  -20396831368
  -28152472251
    3396962910
  -20309909514
  -28036024544
    3384614193
  -20222771145
  -27919886435
    3372056634
  -20136131608
  -27803489045
    3359788727
  -20049134945
  -27687110547
    3347289486
  -19962255767
  -27570886074
    3334971831
  -19875472218
  -27454458863
    3322734953
  -19788320337
  -27338443663
    3310077837
  -19701565710
  -27221913141
    3297711404
  -19614522574
  -27105672387
    3285228487
  -19527834676
  -26989371965
    3272923275
  -19440847647
  -26872842474
    3260636275
  -19353907098
  -26756978686
    3248216430
  -19267049527
  -26640425557
    3235725964
  -19180001294
  -26524184803
    3223243047
  -19093313396
  -26407884381
    3210937835
  -19006326367
  -26291354890
    3198650835
  -18919385818
  -26175491102
    3186230990
  -18832528247
  -26058937973
    3173740524
  -18745480014
  -25942697219
    3161257607
  -18658792116
  -25826396797
    3148952395
  -18571805087
  -25709867306
    3136665395
  -18484864538
  -25594003518
    3124245550
  -18398006967
  -25477450389
    3111755084
  -18310958734
  -25361209635
    3099272167
  -18224270836
  -25244909213
    3086966955
  -18137283807
  -25128379722
    3074679955
  -18050343258
  -25012515934
    3062260110
  -17963485687
  -24895962805
    3049769644
  -17876437454
  -24779722051
    3037286727
  -17789749556
  -24663338846
    3025018555
  -17702717995
  -24546963092
    3012648070
  -17615768932
  -24430955837
    3000253605
  -17528883748
  -24314413694
    2987911348
  -17441804111
  -24198175361
    2975389581
  -17355158867
  -24081851245
    2962962826
  -17268155051
  -23965416901
    2950619836
  -17181307658
  -23849375488
    2938261205
  -17094385804
  -23732927781
    2925912488
  -17007247435
  -23616789672
    2913354929
  -16920607898
  -23500392282
    2901087022
  -16833611235
  -23384013784
    2888587781
  -16746732057
  -23267789311
    2876270126
  -16659948508
  -23151362100
    2864033248
  -16572796627
  -23035346900
    2851376132
  -16486042000
  -22918816378
    2839009699
  -16398998864
  -22802575624
    2826526782
  -16312310966
  -22686275202
    2814221570
  -16225323937
  -22569745711
    2801934570
  -16138383388
  -22453881923
    2789514725
  -16051525817
  -22337328794
    2777024259
  -15964477584
  -22221088040
    2764541342
  -15877789686
  -22104787618
    2752236130
  -15790802657
  -21988258127
    2739949130
  -15703862108
  -21872394339
    2727529285
  -15617004537
  -21755841210
    2715038819
  -15529956304
  -21639600456
    2702555902
  -15443268406
  -21523300034
    2690250690
  -15356281377
  -21406770543
    2677963690
  -15269340828
  -21290906755
    2665543845
  -15182483257
  -21174353626
    2653053379
  -15095435024
  -21058112872
    2640570462
  -15008747126
  -20941812450
    2628265250
  -14921760097
  -20825282959
    2615978250
  -14834819548
  -20709419171
    2603558405
  -14747961977
  -20592866042
    2591067939
  -14660913744
  -20476625288
    2578585022
  -14574225846
  -20360242083
    2566316850
  -14487194285
  -20243866329
    2553946365
  -14400245222
  -20127859074
    2541551900
  -14313360038
  -20011316931
    2529209643
  -14226280401
  -19895078598
    2516687876
  -14139635157
  -19778754482
    2504261121
  -14052631341
  -19662320138
    2491918131
  -13965783948
  -19546278725
    2479559500
  -13878862094
  -19429831018
    2467210783
  -13791723725
  -19313692909
    2454653224
  -13705084188
  -19197295519
    2442385317
  -13618087525
  -19080917021
    2429886076
  -13531208347
  -18964692548
    2417568421
  -13444424798
  -18848265337
    2405331543
  -13357272917
  -18732250137
    2392674427
  -13270518290
  -18615719615
    2380307994
  -13183475154
  -18499478861
    2367825077
  -13096787256
  -18383178439
    2355519865
  -13009800227
  -18266648948
    2343232865
  -12922859678
  -18150785160
    2330813020
  -12836002107
  -18034232031
    2318322554
  -12748953874
  -17917991277
    2305839637
  -12662265976
  -17801690855
    2293534425
  -12575278947
  -17685161364
    2281247425
  -12488338398
  -17569297576
    2268827580
  -12401480827
  -17452744447
    2256337114
  -12314432594
  -17336503693
    2243854197
  -12227744696
  -17220203271
    2231548985
  -12140757667
  -17103673780
    2219261985
  -12053817118
  -16987809992
    2206842140
  -11966959547
  -16871256863
    2194351674
  -11879911314
  -16755016109
    2181868757
  -11793223416
  -16638715687
    2169563545
  -11706236387
  -16522186196
    2157276545
  -11619295838
  -16406322408
    2144856700
  -11532438267
  -16289769279
    2132366234
  -11445390034
  -16173528525
    2119883317
  -11358702136
  -16057145320
    2107615145
  -11271670575
  -15940769566
    2095244660
  -11184721512
  -15824762311
    2082850195
  -11097836328
  -15708220168
    2070507938
  -11010756691
  -15591981835
    2057986171
  -10924111447
  -15475657719
    2045559416
  -10837107631
  -15359223375
    2033216426
  -10750260238
  -15243181962
    2020857795
  -10663338384
  -15126734255
    2008509078
  -10576200015
  -15010596146
    1995951519
  -10489560478
  -14894198756
    1983683612
  -10402563815
  -14777820258
    1971184371
  -10315684637
  -14661595785
    1958866716
  -10228901088
  -14545168574
    1946629838
  -10141749207
  -14429153374
    1933972722
  -10054994580
  -14312622852
    1921606289
   -9967951444
  -14196382098
    1909123372
   -9881263546
  -14080081676
    1896818160
   -9794276517
  -13963552185
    1884531160
   -9707335968
  -13847688397
    1872111315
   -9620478397
  -13731135268
    1859620849
   -9533430164
  -13614894514
    1847137932
   -9446742266
  -13498594092
    1834832720
   -9359755237
  -13382064601
    1822545720
   -9272814688
  -13266200813
    1810125875
   -9185957117
  -13149647684
    1797635409
   -9098908884
  -13033406930
    1785152492
   -9012220986
  -12917106508
    1772847280
   -8925233957
  -12800577017
    1760560280
   -8838293408
  -12684713229
    1748140435
   -8751435837
  -12568160100
    1735649969
   -8664387604
  -12451919346
    1723167052
   -8577699706
  -12335618924
    1710861840
   -8490712677
  -12219089433
    1698574840
   -8403772128
  -12103225645
    1686154995
   -8316914557
  -11986672516
    1673664529
   -8229866324
  -11870431762
    1661181612
   -8143178426
  -11754048557
    1648913440
   -8056146865
  -11637672803
    1636542955
   -7969197802
  -11521665548
    1624148490
   -7882312618
  -11405123405
    1611806233
   -7795232981
  -11288885072
    1599284466
   -7708587737
  -11172560956
    1586857711
   -7621583921
  -11056126612
    1574514721
   -7534736528
  -10940085199
    1562156090
   -7447814674
  -10823637492
    1549807373
   -7360676305
  -10707499383
    1537249814
   -7274036768
  -10591101993
    1524981907
   -7187040105
  -10474723495
    1512482666
   -7100160927
  -10358499022
    1500165011
   -7013377378
  -10242071811
    1487928133
   -6926225497
  -10126056611
    1475271017
   -6839470870
  -10009526089
    1462904584
   -6752427734
   -9893285335
    1450421667
   -6665739836
   -9776984913
    1438116455
   -6578752807
   -9660455422
    1425829455
   -6491812258
   -9544591634
    1413409610
   -6404954687
   -9428038505
    1400919144
   -6317906454
   -9311797751
    1388436227
   -6231218556
   -9195497329
    1376131015
   -6144231527
   -9078967838
    1363844015
   -6057290978
   -8963104050
    1351424170
   -5970433407
   -8846550921
    1338933704
   -5883385174
   -8730310167
    1326450787
   -5796697276
   -8614009745
    1314145575
   -5709710247
   -8497480254
    1301858575
   -5622769698
   -8381616466
    1289438730
   -5535912127
   -8265063337
    1276948264
   -5448863894
   -8148822583
    1264465347
   -5362175996
   -8032522161
    1252160135
   -5275188967
   -7915992670
    1239873135
   -5188248418
   -7800128882
    1227453290
   -5101390847
   -7683575753
    1214962824
   -5014342614
   -7567334999
    1202479907
   -4927654716
   -7450951794
    1190211735
   -4840623155
   -7334576040
    1177841250
   -4753674092
   -7218568785
    1165446785
   -4666788908
   -7102026642
    1153104528
   -4579709271
   -6985788309
    1140582761
   -4493064027
   -6869464193
    1128156006
   -4406060211
   -6753029849
    1115813016
   -4319212818
   -6636988436
    1103454385
   -4232290964
   -6520540729
    1091105668
   -4145152595
   -6404402620
    1078548109
   -4058513058
   -6288005230
    1066280202
   -3971516395
   -6171626732
    1053780961
   -3884637217
   -6055402259
    1041463306
   -3797853668
   -5938975048
    1029226428
   -3710701787
   -5822959848
    1016569312
   -3623947160
   -5706429326
    1004202879
   -3536904024
   -5590188572
     991719962
   -3450216126
   -5473888150
     979414750
   -3363229097
   -5357358659
     967127750
   -3276288548
   -5241494871
     954707905
   -3189430977
   -5124941742
     942217439
   -3102382744
   -5008700988
     929734522
   -3015694846
   -4892400566
     917429310
   -2928707817
   -4775871075
     905142310
   -2841767268
   -4660007287
     892722465
   -2754909697
   -4543454158
     880231999
   -2667861464
   -4427213404
     867749082
   -2581173566
   -4310912982
     855443870
   -2494186537
   -4194383491
     843156870
   -2407245988
   -4078519703
     830737025
   -2320388417
   -3961966574
     818246559
   -2233340184
   -3845725820
     805763642
   -2146652286
   -3729425398
     793458430
   -2059665257
   -3612895907
     781171430
   -1972724708
   -3497032119
     768751585
   -1885867137
   -3380478990
     756261119
   -1798818904
   -3264238236
     743778202
   -1712131006
   -3147855031
     731510030
   -1625099445
   -3031479277
     719139545
   -1538150382
   -2915472022
     706745080
   -1451265198
   -2798929879
     694402823
   -1364185561
   -2682691546
     681881056
   -1277540317
   -2566367430
     669454301
   -1190536501
   -2449933086
     657111311
   -1103689108
   -2333891673
     644752680
   -1016767254
   -2217443966
     632403963
    -929628885
   -2101305857
     619846404
    -842989348
   -1984908467
     607578497
    -755992685
   -1868529969
     595079256
    -669113507
   -1752305496
     582761601
    -582329958
   -1635878285
     570524723
    -495178077
   -1519863085
     557867607
    -408423450
   -1403332563
     545501174
    -321380314
   -1287091809
     533018257
    -234692416
   -1170791387
     520713045
    -147705387
   -1054261896
     508426045
     -60764838
    -938398108
     496006200
      26092733
    -821844979
     483515734
     113140966
    -705604225
     471032817
     199828864
    -589303803
     458727605
     286815893
    -472774312
     446440605
     373756442
    -356910524
     434020760
     460614013
    -240357395
     421530294
     547662246
    -124116641
     409047377
     634350144
      -7816219
     396742165
     721337173
     108713272
     384455165
     808277722
     224577060
     372035320
     895135293
     341130189
     359544854
     982183526
     457370943
     347061937
    1068871424
     573671365
     334756725
    1155858453
     690200856
     322469725
    1242799002
     806064644
     310049880
    1329656573
     922617773
     297559414
    1416704806
    1038858527
     285076497
    1503392704
    1155241732
     272808325
    1590424265
    1271617486
     260437840
    1677373328
    1387624741
     248043375
    1764258512
    1504166884
     235701118
    1851338149
    1620405217
     223179351
    1937983393
    1736729333
     210752596
    2024987209
    1853163677
     198409606
    2111834602
    1969205090
     186050975
    2198756456
    2085652797
     173702258
    2285894825
    2201790906
     161144699
    2372534362
    2318188296
     148876792
    2459531025
    2434566794
     136377551
    2546410203
    2550791267
     124059896
    2633193752
    2667218478
     111823018
    2720345633
    2783233678
      99165902
    2807100260
    2899764200
      86799469
    2894143396
    3016004954
      74316552
    2980831294
    3132305376
      62011340
    3067818323
    3248834867
      49724340
    3154758872
    3364698655
      37304495
    3241616443
    3481251784
      24814029
    3328664676
    3597492538
      12331112
    3415352574
    3713792960
         25900
    3502339603
    3830322451
     -12261100
    3589280152
    3946186239
     -24680945
    3676137723
    4062739368
     -37171411
    3763185956
    4178980122
     -49654328
    3849873854
    4295280544
     -61959540
    3936860883
    4411810035
     -74246540
    4023801432
    4527673823
     -86666385
    4110659003
    4644226952
     -99156851
    4197707236
    4760467706
    -111639768
    4284395134
    4876768128
    -123944980
    4371382163
    4993297619
    -136231980
    4458322712
    5109161407
    -148651825
    4545180283
    5225714536
    -161142291
    4632228516
    5341955290
    -173625208
    4718916414
    5458338495
    -185893380
    4805947975
    5574714249
    -198263865
    4892897038
    5690721504
    -210658330
    4979782222
    5807263647
    -223000587
    5066861859
    5923501980
    -235522354
    5153507103
    6039826096
    -247949109
    5240510919
    6156260440
    -260292099
    5327358312
    6272301853
    -272650730
    5414280166
    6388749560
    -284999447
    5501418535
    6504887669
    -297557006
    5588058072
    6621285059
    -309824913
    5675054735
    6737663557
    -322324154
    5761933913
    6853888030
    -334641809
    5848717462
    6970315241
    -346878687
    5935869343
    7086330441
    -359535803
    6022623970
    7202860963
    -371902236
    6109667106
    7319101717
    -384385153
    6196355004
    7435402139
    -396690365
    6283342033
    7551931630
    -408977365
    6370282582
    7667795418
    -421397210
    6457140153
    7784348547
    -433887676
    6544188386
    7900589301
    -446370593
    6630876284
    8016889723
    -458675805
    6717863313
    8133419214
    -470962805
    6804803862
    8249283002
    -483382650
    6891661433
    8365836131
    -495873116
    6978709666
    8482076885
    -508356033
    7065397564
    8598377307
    -520661245
    7152384593
    8714906798
    -532948245
    7239325142
    8830770586
    -545368090
    7326182713
    8947323715
    -557858556
    7413230946
    9063564469
    -570341473
    7499918844
    9179864891
    -582646685
    7586905873
    9296394382
    -594933685
    7673846422
    9412258170
    -607353530
    7760703993
    9528811299
    -619843996
    7847752226
    9645052053
    -632326913
    7934440124
    9761435258
    -644595085
    8021471685
    9877811012
    -656965570
    8108420748
    9993818267
    -669360035
    8195305932
   10110360410
    -681702292
    8282385569
   10226598743
    -694224059
    8369030813
   10342922859
    -706650814
    8456034629
   10459357203
    -718993804
    8542882022
   10575398616
    -731352435
    8629803876
   10691846323
    -743701152
    8716942245
   10807984432
    -756258711
    8803581782
   10924381822
    -768526618
    8890578445
   11040760320
    -781025859
    8977457623
   11156984793
    -793343514
    9064241172
   11273412004
    -805580392
    9151393053
   11389427204
    -818237508
    9238147680
   11505957726
    -830603941
    9325190816
   11622198480
    -843086858
    9411878714
   11738498902
    -855392070
    9498865743
   11855028393
    -867679070
    9585806292
   11970892181
    -880098915
    9672663863
   12087445310
    -892589381
    9759712096
   12203686064
    -905072298
    9846399994
   12319986486
    -917377510
    9933387023
   12436515977
    -929664510
   10020327572
   12552379765
    -942084355
   10107185143
   12668932894
    -954574821
   10194233376
   12785173648
    -967057738
   10280921274
   12901474070
    -979362950
   10367908303
   13018003561
    -991649950
   10454848852
   13133867349
   -1004069795
   10541706423
   13250420478
   -1016560261
   10628754656
   13366661232
   -1029043178
   10715442554
   13482961654
   -1041348390
   10802429583
   13599491145
   -1053635390
   10889370132
   13715354933
   -1066055235
   10976227703
   13831908062
   -1078545701
   11063275936
   13948148816
   -1091028618
   11149963834
   14064532021
   -1103296790
   11236995395
   14180907775
   -1115667275
   11323944458
   14296915030
   -1128061740
   11410829642
   14413457173
   -1140403997
   11497909279
   14529695506
   -1152925764
   11584554523
   14646019622
   -1165352519
   11671558339
   14762453966
   -1177695509
   11758405732
   14878495379
   -1190054140
   11845327586
   14994943086
   -1202402857
   11932465955
   15111081195
   -1214960416
   12019105492
   15227478585
   -1227228323
   12106102155
   15343857083
   -1239727564
   12192981333
   15460081556
   -1252045219
   12279764882
   15576508767
   -1264282097
   12366916763
   15692523967
   -1276939213
   12453671390
   15809054489
   -1289305646
   12540714526
   15925295243
   -1301788563
   12627402424
   16041595665
   -1314093775
   12714389453
   16158125156
   -1326380775
   12801330002
   16273988944
   -1338800620
   12888187573
   16390542073
   -1351291086
   12975235806
   16506782827
   -1363774003
   13061923704
   16623083249
   -1376079215
   13148910733
   16739612740
   -1388366215
   13235851282
   16855476528
   -1400786060
   13322708853
   16972029657
   -1413276526
   13409757086
   17088270411
   -1425759443
   13496444984
   17204570833
   -1438064655
   13583432013
   17321100324
   -1450351655
   13670372562
   17436964112
   -1462771500
   13757230133
   17553517241
   -1475261966
   13844278366
   17669757995
   -1487744883
   13930966264
   17786058417
   -1500050095
   14017953293
   17902587908
   -1512337095
   14104893842
   18018451696
   -1524756940
   14191751413
   18135004825
   -1537247406
   14278799646
   18251245579
   -1549730323
   14365487544
   18367628784
   -1561998495
   14452519105
   18484004538
   -1574368980
   14539468168
   18600011793
   -1586763445
   14626353352
   18716553936
   -1599105702
   14713432989
   18832792269
   -1611627469
   14800078233
   18949116385
   -1624054224
   14887082049
   19065550729
   -1636397214
   14973929442
   19181592142
   -1648755845
   15060851296
   19298039849
   -1661104562
   15147989665
   19414177958
   -1673662121
   15234629202
   19530575348
   -1685930028
   15321625865
   19646953846
   -1698429269
   15408505043
   19763178319
   -1710746924
   15495288592
   19879605530
   -1722983802
   15582440473
   19995620730
   -1735640918
   15669195100
   20112151252
   -1748007351
   15756238236
   20228392006
   -1760490268
   15842926134
   20344692428
   -1772795480
   15929913163
   20461221919
   -1785082480
   16016853712
   20577085707
   -1797502325
   16103711283
   20693638836
   -1809992791
   16190759516
   20809879590
   -1822475708
   16277447414
   20926180012
   -1834780920
   16364434443
   21042709503
   -1847067920
   16451374992
   21158573291
   -1859487765
   16538232563
   21275126420
   -1871978231
   16625280796
   21391367174
   -1884461148
   16711968694
   21507667596
   -1896766360
   16798955723
   21624197087
   -1909053360
   16885896272
   21740060875
   -1921473205
   16972753843
   21856614004
   -1933963671
   17059802076
   21972854758
   -1946446588
   17146489974
   22089155180
   -1958751800
   17233477003
   22205684671
   -1971038800
   17320417552
   22321548459
   -1983458645
   17407275123
   22438101588
   -1995949111
   17494323356
   22554342342
   -2008432028
   17581011254
   22670725547
   -2020700200
   17668042815
   22787101301
   -2033070685
   17754991878
   22903108556
   -2045465150
   17841877062
   23019650699
   -2057807407
   17928956699
   23135889032
   -2070329174
   18015601943
   23252213148
   -2082755929
   18102605759
   23368647492
   -2095098919
   18189453152
   23484688905
   -2107457550
   18276375006
   23601136612
   -2119806267
   18363513375
   23717274721
   -2132363826
   18450152912
   23833672111
   -2144631733
   18537149575
   23950050609
   -2157130974
   18624028753
   24066275082
   -2169448629
   18710812302
   24182702293
   -2181685507
   18797964183
   24298717493
   -2194342623
   18884718810
   24415248015
   -2206709056
   18971761946
   24531488769
   -2219191973
   19058449844
   24647789191
   -2231497185
   19145436873
   24764318682
   -2243784185
   19232377422
   24880182470
   -2256204030
   19319234993
   24996735599
   -2268694496
   19406283226
   25112976353
   -2281177413
   19492971124
   25229276775
   -2293482625
   19579958153
   25345806266
   -2305769625
   19666898702
   25461670054
   -2318189470
   19753756273
   25578223183
   -2330679936
   19840804506
   25694463937
   -2343162853
   19927492404
   25810764359
   -2355468065
   20014479433
   25927293850
   -2367755065
   20101419982
   26043157638
   -2380174910
   20188277553
   26159710767
   -2392665376
   20275325786
   26275951521
   -2405148293
   20362013684
   26392251943
   -2417453505
   20449000713
   26508781434
   -2429740505
   20535941262
   26624645222
   -2442160350
   20622798833
   26741198351
   -2454650816
   20709847066
   26857439105
   -2467133733
   20796534964
   26973822310
   -2479401905
   20883566525
   27090198064
   -2491772390
   20970515588
   27206205319
   -2504166855
   21057400772
   27322747462
   -2516509112
   21144480409
   27438985795
   -2529030879
   21231125653
   27555309911
   -2541457634
   21318129469
   27671744255
   -2553800624
   21404976862
   27787785668
   -2566159255
   21491898716
   27904233375
   -2578507972
   21579037085
   28020371484
   -2591065531
   21665676622
   28136768874
   -2603333438
   21752673285
   28253147372
   -2615832679
   21839552463
   28369371845
   -2628150334
   21926336012
   28485799056
   -2640387212
   22013487893
   28601814256
   -2653044328
   22100242520
   28718344778
   -2665410761
   22187285656
   28834585532
   -2677893678
   22273973554
   28950885954
   -2690198890
   22360960583
   29067415445
   -2702485890
   22447901132
   29183279233
   -2714905735
   22534758703
   29299832362
   -2727396201
   22621806936
   29416073116
   -2739879118
   22708494834
   29532373538
   -2752184330
   22795481863
   29648903029
   -2764471330
   22882422412
   29764766817
   -2776891175
   22969279983
   29881319946
   -2789381641
   23056328216
   29997560700
   -2801864558
   23143016114
   30113861122
   -2814169770
   23230003143
   30230390613
   -2826456770
   23316943692
   30346254401
   -2838876615
   23403801263
   30462807530
   -2851367081
   23490849496
   30579048284
   -2863849998
   23577537394
   30695348706
   -2876155210
   23664524423
   30811878197
   -2888442210
   23751464972
   30927741985
   -2900862055
   23838322543
   31044295114
   -2913352521
   23925370776
   31160535868
   -2925835438
   24012058674
   31276919073
   -2938103610
   24099090235
   31393294827
   -2950474095
   24186039298
   31509302082
   -2962868560
   24272924482
   31625844225
   -2975210817
   24360004119
   31742082558
   -2987732584
   24446649363
   31858406674
   -3000159339
   24533653179
   31974841018
   -3012502329
   24620500572
   32090882431
   -3024860960
   24707422426
   32207330138
   -3037209677
   24794560795
   32323468247
   -3049767236
   24881200332
   32439865637
   -3062035143
   24968196995
   32556244135
   -3074534384
   25055076173
   32672468608
   -3086852039
   25141859722
   32788895819
   -3099088917
   25229011603
   32904911019
   -3111746033
   25315766230
   33021441541
   -3124112466
   25402809366
   33137682295
   -3136595383
   25489497264
   33253982717
   -3148900595
   25576484293
   33370512208
   -3161187595
   25663424842
   33486375996
   -3173607440
   25750282413
   33602929125
   -3186097906
   25837330646
   33719169879
   -3198580823
   25924018544
   33835470301
   -3210886035
   26011005573
   33951999792
   -3223173035
   26097946122
   34067863580
   -3235592880
   26184803693
   34184416709
   -3248083346
   26271851926
   34300657463
   -3260566263
   26358539824
   34416957885
   -3272871475
   26445526853
   34533487376
   -3285158475
   26532467402
   34649351164
   -3297578320
   26619324973
   34765904293
   -3310068786
   26706373206
   34882145047
   -3322551703
   26793061104
   34998445469
   -3334856915
   26880048133
   35114974960
   -3347143915
   26966988682
   35230838748
   -3359563760
   27053846253
   35347391877
   -3372054226
   27140894486
   35463632631
   -3384537143
   27227582384
   35580015836
   -3396805315
   27314613945
   35696391590
   -3409175800
   27401563008
   35812398845
   -3421570265
   27488448192
   35928940988
   -3433912522
   27575527829
   36045179321
   -3446434289
   27662173073
   36161503437
   -3458861044
   27749176889
   36277937781
   -3471204034
   27836024282
   36393979194
   -3483562665
   27922946136
   36510426901
   -3495911382
   28010084505
   36626565010
   -3508468941
   28096724042
   36742962400
   -3520736848
   28183720705
   36859340898
   -3533236089
   28270599883
   36975565371
   -3545553744
   28357383432
   37091992582
   -3557790622
   28444535313
   37208007782
   -3570447738
   28531289940
   37324538304
   -3582814171
   28618333076
   37440779058
   -3595297088
   28705020974
   37557079480
   -3607602300
   28792008003
   37673608971
   -3619889300
   28878948552
   37789472759
   -3632309145
   28965806123
   37906025888
   -3644799611
   29052854356
   38022266642
   -3657282528
   29139542254
   38138567064
   -3669587740
   29226529283
   38255096555
   -3681874740
   29313469832
   38370960343
   -3694294585
   29400327403
   38487513472
   -3706785051
   29487375636
   38603754226
   -3719267968
   29574063534
   38720054648
   -3731573180
   29661050563
   38836584139
   -3743860180
   29747991112
   38952447927
   -3756280025
   29834848683
   39069001056
   -3768770491
   29921896916
   39185241810
   -3781253408
   30008584814
   39301542232
   -3793558620
   30095571843
   39418071723
   -3805845620
   30182512392
   39533935511
   -3818265465
   30269369963
   39650488640
   -3830755931
   30356418196
   39766729394
   -3843238848
   30443106094
   39883112599
   -3855507020
   30530137655
   39999488353
   -3867877505
   30617086718
   40115495608
   -3880271970
   30703971902
   40232037751
   -3892614227
   30791051539
   40348276084
   -3905135994
   30877696783
   40464600200
   -3917562749
   30964700599
   40581034544
   -3929905739
   31051547992
   40697075957
   -3942264370
   31138469846
   40813523664
   -3954613087
   31225608215
   40929661773
   -3967170646
   31312247752
   41046059163
   -3979438553
   31399244415
   41162437661
   -3991937794
   31486123593
   41278662134
   -4004255449
   31572907142
   41395089345
   -4016492327
   31660059023
   41511104545
   -4029149443
   31746813650
   41627635067
   -4041515876
   31833856786
   41743875821
   -4053998793
   31920544684
   41860176243
   -4066304005
   32007531713
   41976705734
   -4078591005
   32094472262
   42092569522
   -4091010850
   32181329833
   42209122651
   -4103501316
   32268378066
   42325363405
   -4115984233
   32355065964
   42441663827
   -4128289445
   32442052993
   42558193318
   -4140576445
   32528993542
   42674057106
   -4152996290
   32615851113
   42790610235
   -4165486756
   32702899346
   42906850989
   -4177969673
   32789587244
   43023151411
   -4190274885
   32876574273
   43139680902
   -4202561885
   32963514822
   43255544690
   -4214981730
   33050372393
   43372097819
   -4227472196
   33137420626
   43488338573
   -4239955113
   33224108524
   43604638995
   -4252260325
   33311095553
   43721168486
   -4264547325
   33398036102
   43837032274
   -4276967170
   33484893673
   43953585403
   -4289457636
   33571941906
   44069826157
   -4301940553
   33658629804
   44186209362
   -4314208725
   33745661365
   44302585116
   -4326579210
   33832610428
   44418592371
   -4338973675
   33919495612
   44535134514
   -4351315932
   34006575249
   44651372847
   -4363837699
   34093220493
   44767696963
   -4376264454
   34180224309
   44884131307
   -4388607444
   34267071702
   45000172720
   -4400966075
   34353993556
   45116620427
   -4413314792
   34441131925
   45232758536
   -4425872351
   34527771462
   45349155926
   -4438140258
   34614768125
   45465534424
   -4450639499
   34701647303
   45581758897
   -4462957154
   34788430852
   45698186108
   -4475194032
   34875582733
   45814201308
   -4487851148
   34962337360
   45930731830
   -4500217581
   35049380496
   46046972584
   -4512700498
   35136068394
   46163273006
   -4525005710
   35223055423
   46279802497
   -4537292710
   35309995972
   46395666285
   -4549712555
   35396853543
   46512219414
   -4562203021
   35483901776
   46628460168
   -4574685938
   35570589674
   46744760590
   -4586991150
   35657576703
   46861290081
   -4599278150
   35744517252
   46977153869
   -4611697995
   35831374823
   47093706998
   -4624188461
   35918423056
   47209947752
   -4636671378
   36005110954
   47326248174
   -4648976590
   36092097983
   47442777665
   -4661263590
   36179038532
   47558641453
   -4673683435
   36265896103
   47675194582
   -4686173901
   36352944336
   47791435336
   -4698656818
   36439632234
   47907735758
   -4710962030
   36526619263
   48024265249
   -4723249030
   36613559812
   48140129037
   -4735668875
   36700417383
   48256682166
   -4748159341
   36787465616
   48372922920
   -4760642258
   36874153514
   48489306125
   -4772910430
   36961185075
   48605681879
   -4785280915
   37048134138
   48721689134
   -4797675380
   37135019322
   48838231277
   -4810017637
   37222098959
   48954469610
   -4822539404
   37308744203
   49070793726
   -4834966159
   37395748019
   49187228070
   -4847309149
   37482595412
   49303269483
   -4859667780
   37569517266
   49419717190
   -4872016497
   37656655635
   49535855299
   -4884574056
   37743295172
   49652252689
   -4896841963
   37830291835
   49768631187
   -4909341204
   37917171013
   49884855660
   -4921658859
   38003954562
   50001282871
   -4933895737
   38091106443
   50117298071
   -4946552853
   38177861070
   50233828593
   -4958919286
   38264904206
   50350069347
   -4971402203
   38351592104
   50466369769
   -4983707415
   38438579133
   50582899260
   -4995994415
   38525519682
   50698763048
   -5008414260
   38612377253
   50815316177
   -5020904726
   38699425486
   50931556931
   -5033387643
   38786113384
   51047857353
   -5045692855
   38873100413
   51164386844
   -5057979855
   38960040962
   51280250632
   -5070399700
   39046898533
   51396803761
   -5082890166
   39133946766
   51513044515
   -5095373083
   39220634664
   51629344937
   -5107678295
   39307621693
   51745874428
   -5119965295
   39394562242
   51861738216
   -5132385140
   39481419813
   51978291345
   -5144875606
   39568468046
   52094532099
   -5157358523
   39655155944
   52210832521
   -5169663735
   39742142973
   52327362012
   -5181950735
   39829083522
   52443225800
   -5194370580
   39915941093
   52559778929
   -5206861046
   40002989326
   52676019683
   -5219343963
   40089677224
   52792402888
   -5231612135
   40176708785
   52908778642
   -5243982620
   40263657848
   53024785897
   -5256377085
   40350543032
   53141328040
   -5268719342
   40437622669
   53257566373
   -5281241109
   40524267913
   53373890489
   -5293667864
   40611271729
   53490324833
   -5306010854
   40698119122
   53606366246
   -5318369485
   40785040976
   53722813953
   -5330718202
   40872179345
   53838952062
   -5343275761
   40958818882
   53955349452
   -5355543668
   41045815545
   54071727950
   -5368042909
   41132694723
   54187952423
   -5380360564
   41219478272
   54304379634
   -5392597442
   41306630153
   54420394834
   -5405254558
   41393384780
   54536925356
   -5417620991
   41480427916
   54653166110
   -5430103908
   41567115814
   54769466532
   -5442409120
   41654102843
   54885996023
   -5454696120
   41741043392
   55001859811
   -5467115965
   41827900963
   55118412940
   -5479606431
   41914949196
   55234653694
   -5492089348
   42001637094
   55350954116
   -5504394560
   42088624123
   55467483607
   -5516681560
   42175564672
   55583347395
   -5529101405
   42262422243
   55699900524
   -5541591871
   42349470476
   55816141278
   -5554074788
   42436158374
   55932441700
   -5566380000
   42523145403
   56048971191
   -5578667000
   42610085952
   56164834979
   -5591086845
   42696943523
   56281388108
   -5603577311
   42783991756
   56397628862
   -5616060228
   42870679654
   56513929284
   -5628365440
   42957666683
   56630458775
   -5640652440
   43044607232
   56746322563
   -5653072285
   43131464803
   56862875692
   -5665562751
   43218513036
   56979116446
   -5678045668
   43305200934
   57095499651
   -5690313840
   43392232495
   35489202290
  -15422165525
   31793762098
   54202204769
   -3256864245
   17949444268
   35287791166
    2260781893
   -3154410958
   19237010414
  -31106931609
  -32520408369
    3805251626
  -54313489997
  -50722856989
    3863531062
  -35930190257
  -61663260383
  -11453036883
  -24743302445
  -45935773893
  -35747796266
  -22948240127
  -39814788857
  -35286593529
  -19456331991
  -49099623271
   -8525616308
   -6568558074
  -56895910046
    -965224890
  -35350717146
  -62823106839
   21256705855
  -23160362181
  -77096862540
   -4534881154
  -21710199643
  -55092658256
  -24974205022
  -49605805837
  -36612354046
  -13181996490
  -51404830658
  -48313424725
  -36312562531
  -27352038746
  -72221330400
  -23321629555
   -7558422994
  -45959967093
  -30247019949
    8989709646
  -73066729903
  -64018294705
   38706879359
  -44745878551
  -58092027904
    6192496640
  -43409735680
  -58092027904
    6192496640
  -43409735680
  -58092027904
    6192496640
  -43409735680
  -58092027904
    6192496640
  -43409735680
  -58092027904
    6192496640
  -43409735680
  -58092027904
    6192496640
  -43409735680
  -58092027904
    6192496640
  -43409735680
  -58092027904
    6192496640
  -43409735680
  -58092027904
    6192496640
  -43409735680
  -58092027904
    6192496640
  -43409735680
  -58092027904
    6192496640
  -43409735680
  -36391043935
   15902273360
  -31735983604
  -54991138357
    3727041725
  -17830346026
  -35982362998
   -1795000570
    3313846211
  -19853490637
   31534909022
   32690377220
   -4359266479
   54680563064
   50885460707
   -4354810048
   36254793737
   61807386659
   11008604753
   25036646195
   46077233801
   35326300148
   23212130915
   39959864753
   34888259195
   19694171855
   49238678381
    8177198210
    6793590539
   57021441908
     674403407
   35533900487
   62929096556
  -21468029374
   23314104542
   77168966459
    4377435425
   21835880165
   55153148747
   24850017296
   49675466765
   36679407251
   13102865180
   51416882714
   48375703625
   36255334940
   27330397445
   72254571638
   23299179308
    7523134508
   45990726611
   30252522383
   -9022283080
   73067739224
   64017851498
  -38706832114
   44745547361
   58091584697
   -6192449395
   43409404490
   58091584697
   -6192449395
   43409404490
   58091584697
   -6192449395
   43409404490
   58091584697
   -6192449395
   43409404490
   58091584697
   -6192449395
   43409404490
   58091584697
   -6192449395
   43409404490
   58091584697
   -6192449395
   43409404490
   58091584697
   -6192449395
   43409404490
   58091584697
   -6192449395
   43409404490
   58091584697
   -6192449395
   43409404490
   58091584697
   -6192449395
   43409404490
   47241134104
  -11047319235
   37572550718
   56541145838
   -4959726640
   30619758452
   47036794415
   -2198716025
   20047702663
   38972388998
  -18863607249
    5359493190
   31225306472
  -30436390123
   -3738013849
   31223078265
  -21223540604
   -9198955993
   23541400168
  -15614488230
   -1333909567
   11382598853
  -14702234070
    1724763289
   11601618494
  -12943261250
   -2914625827
   24957098039
   -6492995198
   -6805992746
   28708481130
  -20863095354
   -9759808802
   39779655287
  -14753220689
  -16879716593
   26856972184
  -14014111320
   -5871849729
   16620720297
  -27933851520
    3364985783
   22494273949
  -28804556173
   -2483140095
   10918083229
  -16761359480
  -14422528556
   17396136333
   -6857765791
   -1290656137
   13919478058
    1414911445
  -14829110798
   -2963122097
   16257129343
    -668068887
             0
             0
             0
             0
             0
             0
             0
             0
             0
             0
             0
             0
             0
             0
             0
             0
             0
             0
             0
             0
             0
             0
             0
             0
             0
             0
             0
             0
             0
             0
             0
             0
             0
   -1258218817
    -562970960
    -676841868
    7628386372
    3636596435
    2717214750
  -10455455585
   -5027751155
     959659031
    4071216375
   -3262349776
     165249569
   -5512853848
    7590899722
   -3507657339
    8289911839
    9416772979
   -9301473958
  -26652849606
  -18064639636
  -18129966376
   -2721083952
  -16445567023
  -31019676252
    5173452159
    7769533704
  -16417308945
  -23679724854
   -6842239452
   -9925449137
  -30252471889
  -28300552484
    -191115199
    9787864807
   34560155317
    3735153582
    -359101513
   21972959555
   16812080352
    6256594742
  -15036724719
    7682284536
   18468927429
   -6443257882
    1432749876
   30454671056
   30157434651
   14043231577
    9901565255
  -15505099255
   41655339285
    3117226820
  -12682569786
   -1055878395
   -9590038581
   16726093279
    1905927520
  -10606794548
  -24153178947
  -13645337396
    2643641327
    2569334515
  -16861606427
   -9737739180
   35718328685
  -61280019700
  -71280440251
    1305267139
   14419834231
  -20748079867
  -41357924692
  -19175881955
   -6102253447
   42941338999
  -30122413442
  -43343359454
    1555829447
     143471239
   20364189172
  -44561539070
   -6273459153
    4717188476
   29147429104
  -26683537325
   11300867733
    3758931705
   21424261912
   11109691464
  -48462048634
   15243707228
   18521984132
   -8965695428
  -22873150836
    9737722666
   27033545885
   17562500131
   14982195971
  -16679472641
   13329755349
  -18908160283
  -34675006626
  -31135047820
    4502937538
   44594376589
   14910743430
   -8325433018
   18737308820
   17790897490
   -1816706316
   47681922924
   26307336364
  -53128318691
  -15602873795
   -4426130961
   12940212126
    6333125836
     953610963
   31277966878
    1167703283
   16887651023
  -14779921976
   14257301913
   -8604016281
   -6530777839
   22745932048
   33658318497
  -13729138200
  -15850855682
  -16828935896
  -11781361732
  -35723331687
   11732396268
   44183576825
  -31807478445
  -68904259102
  -17713400858
   35260645455
   12339381579
   13682870065
    1555086952
   21594153017
  -34756434073
    6345363385
   30927052041
  -12408015879
    2972721423
   10082728771
   37607244948
  -20756211659
   -8810081757
   32433453454
   18538510827
  -25265618122
   20583669223
   13388883316
  -11746340247
  -34017806583
  -19934132740
  -23073970387
  -30996838560
  -65572850159
    4373328422
   13381177603
   -7086700496
  -38127634258
  -31514104019
   30145255954
  -10710817835
  -31138596486
   -7528565028
  -13627474408
   -4922552392
   30361819688
   -8515471302
  -17427336761
    7898224693
  -29006910205
   23307497185
    7393591245
   38276620410
    9069358033
  -14134222486
  -28671777482
   -8232930511
   15037325724
   25697988123
    7079443984
  -54927417901
   22608842388
   18159953243
  -18339819886
  -21295391362
   30877689520
   39128663142
   18147866764
  -15351881888
   14057482303
   33483167870
    8012134194
   20831622794
   27550170929
  -17650663727
   13579502075
   11710591370
    1064423254
    3698811062
   25502493825
   65841139027
   27476777719
   -7572671351
  -60337289554
   16966431210
    5067648172
    7068957549
  -29253249199
   19128200756
     -50241047
  -13204623339
  -21655665965
  -22284720292
     237494954
   14512897935
   31757911777
    2324818011
   10083059200
  -29225360094
   37985089485
   -9129629489
   -2289966797
  -11014888803
   33119301304
   31336560753
  -25794186758
  -22020110135
   18607771023
    3217523453
  -16657879611
   20385730586
    4799459823
   13789071182
   -4389873911
  -30529677897
  -14764572203
  -19956327579
  -20070006605
  -14447406638
    7737566680
  -36098111401
  -24610571517
    9989440486
   -4992743319
  -29058083016
   -5367537375
   37894317027
   10437954043
  -45241136228
   -3165641269
  -12748400594
   11645514808
   36632558151
   28154672805
   -8402325908
  -27709625524
  -35415773690
    5447217017
  -11973750101
  -18168276952
   24059944814
   -8076485832
  -20056871452
  -23383762031
   11249245052
  -23009965456
  -25336279183
  -31209918263
   13871519078
  -31928890579
  -33297239321
  -45332239244
   -8159661106
   30334519691
  -17141393542
  -16575576031
   -6784594206
  -38362829873
  -30445404697
   16171273840
  -16631375220
   -5807751190
   21461574834
  -42966512505
  -47043700345
  -11840798609
    7944583147
    7211311187
  -32813240557
    3752096827
   -4717075068
   12317998615
  -31405184259
  -33007934047
   13882247208
   34041904131
   20338980569
  -12110441971
    3456956487
   -5409594520
   40561367590
  -45352626472
  -38859996186
  -13320479803
   -3071580662
    9491705129
  -46559419080
  -54841458685
  -24598129795
   24910915969
  -48665063529
  -62124626987
   -3013713989
   -2605379390
  -36043305458
  -19256210406
   -9251651148
  -63218298461
   15221380908
  -26545333122
  -12365059682
   35314384283
   19745447729
    6240984816
   29412965757
  -19549246778
  -18037036855
   25135088296
  -19766357209
  -11932662314
  -17134914239
   -3894577698
   11961605992
  -32196885445
  -42087530787
  -12462766988
  -32124439710
  -23379551588
  -37552741929
  -41939945822
  -19531783613
  -25368762254
   -1227839668
  -22597033373
  -30483593298
   55606408544
   20978097080
  -37348465892
   15848369956
    5183073458
    4975284814
   41129763264
   -7769370569
  -11908208276
   30362023150
   19380001337
   36624472316
   16880371395
   22427696902
   -3260117856
   -4108033231
   15097782801
  -20726816417
  -31592809855
   14491372907
   38226060138
   -6002085987
   28868458725
  -11538895517
   -7022871190
   -8658262010
  -33587691403
   -2311744618
   32346786520
   43300772027
   52002424766
   -4968746103
  -38138009777
   67112972176
   36602469049
    1998458960
  -17299772513
   29292961940
    3382757305
  -13017661828
  -17492504694
    7885688944
   25455689038
   19216868590
   48319127946
  -21094951080
   39605233220
  -25622377572
    8492408381
    1858441830
    3436468743
   -4215332607
   19902386281
    9509706425
  -28062969164
    4504120015
   47128063938
  -10132704700
   -6058653247
   19125363470
   24937684107
  -18313612035
   -5764548921
   16004894248
   52579946690
   10815514937
  -31712125570
   30924906427
   18442580741
   19454015393
   26356399506
   17354886366
  -15753743978
   14380766164
   56464453520
   24963033675
   15650106988
   18822522525
   -1251876302
  -13165973744
  -12269553770
   -5211700839
   12089054508
   29031105278
  -50654790472
  -16517393659
  -18091215907
   -5342579654
  -17014434326
    3368901353
    6289265069
   17727230761
  -19497806134
    2732322980
  -36871863008
  -35129414257
   10919335714
    8022005126
   29766345601
  -33790011685
  -45155275833
    6708293754
   37853316287
   -4954343454
   13015570271
  -18778188451
   -4507848013
  -25622573241
  -17657539171
   13061577217
   14057032885
  -31842700678
  -12055689686
    7207881814
  -11787834515
  -17912769145
   39679098986
     749647936
  -21735833983
  -25589188711
  -23955393807
  -36750190582
   -7559089387
    7544750851
    9985015740
  -16389884142
  -14527832612
   -7637252141
    3571807383
   57521828186
   13489041787
  -36471080105
  -17267426769
   -9277589600
   -1719121891
    7718514870
  -18832212464
    1657138948
  -12879481341
   -8004277609
    9263470881
    9078648343
  -23904238230
   -5604462478
   20790120458
   42035973565
  -46537541274
   -6580531042
  -22558410755
   -7382745235
    1796320573
   35476166757
    4478601321
  -34114689361
  -59181206710
   10388412341
    6424408781
  -10273311151
    9668917073
   17472997324
   -5874459195
  -33164481439
   43170325747
   44724941904
  -13460413465
     429504933
   19556523593
  -20331319584
  -34642902733
    9954084572
   47614384725
  -13560468393
  -17230631271
   51599220418
   47107821456
   16723471406
  -39018183801
    9672178365
   32697072097
   20341941043
   16249491843
   42100437623
  -29494281066
   -7171107435
   -8456461708
   25279192959
  -24339423456
    7092561145
   21146025142
  -28149808348
  -53676055256
  -23287031775
   30895902326
  -20522068845
   -7561821586
   13732148035
   42967171703
  -25544819996
   12934268969
     323576385
  -43145633373
  -12061930606
   16695209756
   20351788882
  -23780297673
  -18206580756
   37952075920
   14567720690
  -20148013227
   37736067369
   49428322264
    -750597657
  -38819142641
  -39453518454
    2757069716
  -10496644876
  -49222595213
  -13057374497
   15435398775
  -29077597611
  -16930627612
    4089248075
   -4720312655
  -43393372131
   -2688234116
    5720872629
   -9395039756
  -52564288049
    -603758029
  -36000734446
  -11442116926
   23871749960
   29397771882
    8431878592
    2876732740
  -27014424779
  -22366863517
   22027545342
    2347223384
    6463792803
  -19316939674
  -23311594754
  -19586507454
   -5144503916
   -7590271651
   15666335236
  -15631480286
  -25523590132
  -13575753391
  -13572381444
  -29083088371
  -32293144428
  -14855857145
   -6728687827
  -14073367597
     248068269
   -6026716904
  -30024641883
   22531811465
   -9980672830
  -12792964184
    6122706981
    -146326423
    9165229793
   24501286653
  -13445512535
  -19782989312
   24446647103
   12508704148
   -1188096006
   -5521119466
    7456864547
     520298285
  -14500220118
   -7784083442
   -3317078954
   -9251775178
    1124962311
    6386593521
   -3138268764
   11142740458
  -21747341442
   10138771822
   -6346914683
  -15930854092
   12347798894
   10771463923
    -879848256
     929399005
  -10720975361
   -5953856259
   22473124003
    4372572389
   -7540169995
   12103565647
     483166306
  -13469367996
    7272634092
    7025281120
   -3504294998
   -7950724853
    5487565962
    1035287565
   -5680091235
     233417115
             0
             0
             0
